1601105395
1601108285
1607835627
1579663676
1577995295
1579432805
1580909797
1578330457
1606677537
1582063136
1594272127
1595177441
1579952738
1601159887
1593549990
1607675239
1610615890
1585632027
1579004201
1586779081
1594267806
1588637729
1578642549
1599178009
1577613266
1586410491
1577571133
1577996629
1583386957
1588654023
1577510746
1577525092
1577538413
1577547533
1577570643
1577594066
1577595772
1577596890
1590174697
1599046420
1586598395
1577645243
1577708868
1604921956
1609631972
1586797132
1591459494
1583383963
1577739609
1577748936
1611120611
1590320536
1577774897
1577781144
1577789696
1577794235
1577805901
1577810744
1593632994
1577841605
1577868216
1577891802
1589245642
1587789953
1577905505
1577908275
1592561872
1577928125
1577941327
1577943429
1577989659
1577993451
1578008422
1578021015
1588420676
1578043074
1601647180
1578052852
1578055998
1584448351
1578089950
1579608419
1578111060
1578132419
1578147718
1578153665
1578154371
1583511669
1578160619
1588002156
1578168560
1578185692
1578203436
1578224253
1578228851
1578241842
1578249946
1578251129
1578256728
1578270291
1596218372
1579948660
1578301799
1578308517
1578320760
1578321928
1578323488
1578344846
1578345422
1603864749
1578384374
1578385902
1578387410
1578391244
1578404294
1578409853
1578422293
1578424301
1578442012
1591760624
1578456514
1578461119
1578469601
1578483980
1578488999
1578493214
1578501185
1597494601
1578526494
1578542236
1578535284
1578543624
1578549214
1578571478
1587030881
1578597923
1598281297
1578618978
1578621096
1578636534
1578632089
1579825583
1578670039
1598018647
1582377303
1578738278
1578753873
1578758130
1578761603
1578793561
1578810073
1586974727
1578843979
1578855567
1578867437
1578868374
1578871949
1600639537
1578890994
1578923579
1594781392
1578992873
1579038176
1587506534
1579113793
1604507417
1579155319
1579166977
1579186250
1579189225
1579194650
1579233487
1583242462
1579287952
1579315547
1581142130
1579358453
1579376993
1579384264
1579392997
1579399118
1579405489
1579411720
1579426611
1590623690
1579459092
1579467044
1579508332
1579513501
1588661254
1579526958
1579534857
1579538861
1579562997
1579580739
1579602955
1579629302
1579639822
1579648153
1579664957
1579668935
1579699304
1579708591
1579715610
1579715982
1579719980
1579732517
1579738174
1579754494
1579773592
1579800694
1579816345
1601610725
1579861862
1579880262
1609518450
1583846814
1579899058
1605510514
1579921035
1579951916
1579955667
1579958188
1579958639
1579964512
1579967661
1580011066
1605315793
1580034447
1580036983
1580038232
1580043235
1580065138
1580067966
1580068109
1580069839
1580073753
1580079555
1597953828
1580107080
1608202098
1581936706
1580119512
1580127646
1580144300
1580169268
1580176252
1580185420
1580189160
1580195096
1580198215
1580231448
1580240726
1580248614
1580249921
1588508112
1580263445
1580269612
1580272540
1580275896
1580279490
1580285366
1582475280
1580312359
1580323022
1580348881
1580353344
1580355191
1580363519
1580397139
1580399328
1580402670
1580408293
1580410156
1580415048
1580422651
1580424682
1580426234
1580444874
1580454148
1580457348
1580461663
1580498058
1580504291
1580519469
1588451358
1580552382
1580555742
1599072001
1580564779
1580571492
1580575203
1580604601
1580598976
1580623056
1580632484
1580640163
1589511125
1580669930
1580676639
1580685303
1580685728
1580686339
1580691593
1580689532
1588297282
1580707897
1583977909
1610941995
1580888460
1580891454
1580903606
1580927248
1580928957
1580938811
1581002325
1581020159
1597475337
1610704424
1581046883
1581053773
1581056849
1601711033
1581087365
1581104972
1581125979
1596576880
1590335724
1581147571
1581156346
1581160279
1581162447
1581162506
1581167941
1581173852
1581181633
1581195928
1581202886
1581220339
1581238649
1581265918
1588582751
1581281944
1595333048
1581288385
1605980274
1581314591
1581315996
1581329957
1581345334
1581345582
1581351501
1584944027
1581376185
1581376198
1581401865
1586638231
1581410447
1581418386
1581422647
1611095257
1581433746
1581434356
1581441056
1581441925
1581458860
1581490067
1581501981
1605594790
1601919684
1581512761
1581527987
1581537325
1581554420
1581561575
1581576997
1581579616
1581594462
1581627254
1581632296
1581635468
1581636522
1581639999
1581646554
1581649058
1581658589
1595171631
1581663451
1581665474
1581668440
1581681158
1581691104
1581694670
1581695957
1581707307
1584403659
1589224000
1597343953
1581778122
1595271946
1581788820
1581789667
1581790587
1581799863
1581802801
1581802995
1581809699
1588567191
1581818972
1581837740
1581842549
1581843248
1581847695
1581849869
1581853221
1581866813
1596255339
1581876956
1581889550
1605521348
1581904605
1584451902
1581915326
1581916996
1581950687
1581965199
1581972287
1581979176
1581997023
1582012133
1582014144
1591022467
1582025382
1582037544
1582039720
1582042894
1582045406
1582046281
1582048738
1582053104
1582059512
1582084441
1582091497
1582102744
1582102765
1582129930
1582137989
1582148979
1582155025
1582159568
1582164019
1582169130
1596942906
1582172976
1582179736
1582190600
1582194511
1582199511
1582203974
1588485842
1582212749
1582224192
1582226007
1582228660
1582231869
1589243164
1582241992
1582247111
1582247810
1582251929
1582263481
1582265544
1582269065
1582268424
1582272123
1582275918
1582295099
1582295221
1591694809
1582310543
1582319029
1582328767
1582335591
1582348592
1582360155
1582363283
1582375776
1582391477
1582392401
1609970897
1582396125
1582400888
1582404901
1582407244
1586441361
1582427047
1582439209
1582446055
1582448570
1582459751
1582459788
1582464830
1582470492
1590199111
1609149971
1582528429
1582538146
1582543713
1582545499
1589649174
1611107539
1582567806
1582574792
1582577379
1587897532
1582591070
1582668803
1582688579
1582712097
1582728157
1610575028
1582743480
1582773054
1582821361
1582852763
1582873430
1582893355
1582915582
1582924841
1582949524
1582961440
1601816932
1599867579
1582999823
1583022407
1600758394
1583057054
1598558317
1583088757
1583089765
1583101899
1583102340
1583118942
1583135631
1583169644
1590648057
1583208824
1583210894
1583229300
1583261373
1583299357
1583315818
1583324396
1583329107
1583333215
1603337819
1583353536
1583358313
1583378130
1583380146
1583392980
1583400108
1583401331
1583412442
1583419509
1583421538
1583427899
1583442771
1607308566
1583456297
1583460190
1583461547
1583467541
1599447906
1583497536
1583503106
1583539812
1583553392
1583565073
1583585022
1583598625
1583618942
1583624686
1583629935
1583639348
1583650456
1583663155
1583663287
1583664268
1583672220
1583689356
1583695100
1583695298
1583709011
1583715406
1583717403
1583722189
1583740626
1602054028
1583785762
1583791990
1583796239
1588363355
1583821852
1583838447
1583871843
1583882520
1601170515
1588545066
1583902380
1583906746
1583915585
1583919437
1583919680
1583921641
1583952750
1583954085
1583957490
1583961694
1583961927
1584005144
1599061569
1584010536
1584014937
1584024594
1584031041
1584063946
1584065847
1610982767
1584075680
1584079503
1584083032
1589495515
1584109046
1584110913
1584116501
1584126698
1584127585
1584130288
1601959301
1604547526
1584170796
1584173244
1584198073
1603812103
1584206308
1584211553
1584221099
1584219750
1601176955
1584249531
1584250278
1584250620
1584252319
1584258449
1584264734
1584304461
1584308001
1584326836
1584330417
1599413779
1584346109
1584348107
1584362956
1584368570
1584391599
1584393850
1584394020
1584397947
1584431326
1584435832
1584449475
1584455762
1584456671
1584460214
1584482680
1584500874
1584502667
1584512417
1584519796
1584541288
1584538416
1584546055
1610818541
1584572582
1584596347
1584630961
1584653247
1584654102
1584665726
1584667630
1584679292
1584693877
1584710809
1584719346
1584726146
1584739662
1584742596
1584745823
1584752786
1584774801
1584779343
1584793497
1584796220
1584796238
1584819091
1584834742
1584837659
1584838844
1584844887
1587991312
1584890271
1584895703
1584902575
1584903329
1584903743
1584920026
1584950554
1604354382
1584961025
1584961926
1585000678
1585001045
1585026947
1585034562
1585034974
1606622804
1585054811
1585123960
1585164511
1585178094
1585208792
1585285818
1585298436
1585319993
1585323113
1585323711
1585332355
1611084413
1591820515
1585387806
1585398059
1585398808
1585399973
1585403775
1585408903
1598566325
1585461562
1585471299
1585498812
1585524613
1585544901
1609487083
1585613886
1585625721
1585631947
1585635505
1585636284
1585642191
1598249750
1605337884
1597472663
1585680162
1585684749
1585698225
1585699882
1585711372
1585724660
1608383046
1585748270
1585779943
1585784980
1585787087
1585788474
1585794760
1585794836
1585801942
1585829960
1585834823
1601789911
1585839379
1585850757
1585851569
1585875881
1585877744
1585905496
1597679575
1585910220
1585922676
1585934742
1585942414
1585961006
1585969598
1585993926
1586012860
1586031042
1586052649
1586053107
1586053528
1586054126
1586081920
1586086128
1586100235
1586117518
1601028616
1586143008
1586147680
1586180386
1586181290
1586182313
1586197685
1605308136
1586215262
1586219408
1601437565
1591329193
1591314320
1586244519
1586259800
1586318140
1603156204
1586326843
1586330917
1586358493
1586403560
1602275707
1586406066
1586415921
1586446933
1586465227
1586508775
1586512400
1586520148
1586536397
1586528725
1586536809
1586542334
1586541951
1586551481
1586559024
1586582149
1586645783
1586661682
1586667177
1600920298
1586669760
1586674100
1586676535
1586676922
1586695278
1586711431
1586730691
1586731155
1586736411
1586751611
1586784359
1586802390
1586810988
1586820570
1586846529
1591593425
1586863856
1586865568
1586871543
1586874910
1586876193
1586876622
1586878960
1586880963
1586881445
1586883607
1594505188
1586892521
1586894268
1586911851
1586920246
1601031531
1586941859
1586943340
1586956776
1603336381
1598445731
1586992833
1587000597
1587001304
1587023178
1587029351
1587032017
1587038211
1587043421
1587074959
1587095640
1587108702
1587116322
1609273349
1592707235
1587218046
1587224560
1601902662
1587245724
1598168887
1587251500
1587257871
1587274424
1587276580
1587273936
1587289224
1587290756
1587328649
1587332334
1587337157
1587340697
1587347055
1610883607
1587411099
1587412096
1587418457
1587431980
1587469849
1587480306
1587486810
1587497514
1587506043
1594354581
1587547090
1587549608
1587569525
1587575593
1587581828
1587632530
1587670430
1587701883
1587721425
1592217144
1587760680
1587761202
1587774879
1587813423
1587814924
1587834374
1587834786
1587884624
1587897718
1587920482
1587922006
1587953495
1596415338
1587965516
1587980756
1588013504
1588028594
1588042349
1588085688
1588087080
1588097561
1588103213
1588120081
1588133077
1588134695
1609256523
1588138535
1588160565
1588177924
1588205201
1588209153
1588209365
1588209881
1588227214
1588232815
1593079625
1588235629
1588242248
1588252701
1603585901
1595278737
1588325354
1588329699
1588335565
1588362116
1588376272
1588378974
1588381847
1588382740
1588386280
1588421630
1588430442
1588436990
1588440378
1603817060
1588447360
1588454132
1588456373
1588456972
1588492446
1588506713
1588531003
1588541338
1588544639
1588547131
1594768788
1588561624
1588573640
1588583613
1588585833
1607353677
1588588143
1588597509
1588603833
1588606985
1588652668
1588655016
1588663152
1588671458
1588698016
1609135600
1608423210
1588744337
1588745411
1589077859
1593555508
1603565372
1589086528
1589098162
1602321000
1589119021
1589119097
1594313277
1589127940
1589140859
1589143138
1598842779
1589149305
1589156787
1589160663
1595604717
1589173280
1589176711
1589182987
1589199562
1589231702
1589251788
1589284114
1589297428
1589310141
1589338918
1589369835
1602078561
1602987801
1589421004
1589422764
1589426041
1605741542
1589440285
1589450889
1589469667
1589477974
1589478005
1601306944
1589481082
1589497031
1589512549
1589514555
1589525240
1589549796
1589552374
1589556144
1589567200
1589567692
1589570116
1589576605
1608230115
1589592224
1589595802
1589599993
1589612148
1589640355
1589659273
1589659501
1589774530
1589851080
1589860820
1589868655
1589916422
1596011428
1589938623
1589938696
1589995844
1590019625
1590020097
1590022544
1590029508
1590033497
1590051803
1590056953
1590064740
1590079994
1590133240
1590138784
1609491626
1590146364
1590163959
1590167434
1605134564
1590174452
1596316084
1601820064
1590214773
1590226328
1590232646
1590241520
1606117662
1590276727
1590291659
1598708355
1590332014
1590339572
1590379708
1590389918
1590396274
1590397701
1590407054
1590424095
1590431891
1590447479
1598836048
1590456015
1606497857
1590504593
1590523255
1590523821
1590530086
1590532967
1590536505
1590544629
1590547263
1590552460
1590558423
1590560483
1590576539
1590579138
1590587840
1597852624
1590612171
1590633769
1590650323
1590658174
1590662877
1590676905
1590725016
1609032066
1590733646
1590737948
1590763260
1590790836
1590795721
1590813290
1590816605
1590819286
1590822714
1590826861
1590841480
1590842261
1598919200
1590867205
1590871781
1590876944
1590877917
1590886407
1602727146
1602745758
1590901336
1590911005
1590916353
1590919005
1590929392
1590934765
1590937716
1590940456
1590944527
1599207494
1607464799
1608045205
1602199675
1590966009
1590967995
1590976284
1590980463
1607125174
1590995932
1590999498
1591002928
1591036521
1591055473
1591070657
1591089757
1591090873
1591119826
1591119010
1597961391
1591146206
1591157145
1591161870
1591167773
1591168477
1591196620
1591196322
1591207581
1605672937
1591258815
1591267468
1591273940
1597458526
1591277548
1591277900
1591282536
1591295592
1591312773
1591407390
1591410344
1591421495
1591424071
1591424124
1591430741
1591435601
1591458046
1591471134
1610976586
1591513229
1591526408
1591531201
1591531941
1591533823
1591538200
1591539017
1591562585
1602946526
1610567908
1591654599
1591685200
1591694958
1599519158
1591736132
1591765527
1597616863
1591767309
1591769878
1591777455
1607311324
1596724601
1606268201
1591792792
1591818172
1591825600
1591833985
1591835687
1591850406
1591850495
1591854920
1591858209
1591890246
1591891478
1591913777
1591937308
1591949025
1591949450
1591959895
1591968486
1601158463
1592019806
1592061509
1592074686
1592078962
1592104416
1592183967
1592194489
1592200878
1592223219
1592232724
1592320547
1592337385
1592358145
1592388747
1592417599
1592450627
1592467642
1592472886
1592490470
1592492119
1592499458
1592500664
1592501485
1607464861
1592505865
1592506621
1592520120
1592591730
1592600750
1592609615
1592638808
1592653028
1592653676
1607023737
1592664949
1592685762
1592717955
1592778267
1592793338
1592804084
1592834456
1592842304
1592861236
1592880663
1592881367
1592886019
1592892383
1592897904
1592911045
1592918927
1592933404
1592935228
1592956884
1592960353
1592968492
1592971276
1592973014
1592977712
1593004970
1593024730
1593041391
1593042281
1593125230
1593131981
1608300530
1593186319
1593207861
1602073343
1593213888
1593220368
1593233539
1593237442
1593238987
1593244226
1593246597
1593255864
1610691264
1593263404
1593264936
1593267724
1593271380
1593313132
1593372129
1593381614
1593403251
1593416789
1593419053
1593422857
1593428357
1593430805
1593442101
1593444373
1593448773
1593469075
1593470930
1593482357
1593484798
1593522262
1593526398
1593555767
1593649989
1593660683
1593661795
1593664317
1593677192
1593681264
1593690463
1593690507
1593691667
1593706387
1593717566
1593724172
1593767650
1593779302
1593799979
1593949379
1593973629
1593979767
1593998087
1602745144
1594037450
1594043319
1594071029
1594104418
1594116387
1600834707
1594143881
1594149774
1604645138
1594175109
1594211110
1594215461
1594219094
1594263104
1594273694
1594276260
1594283352
1594285506
1594288844
1594308326
1594314676
1594315551
1594332868
1594337795
1594343116
1594353764
1594374852
1594392510
1594392880
1594425402
1594450842
1594475008
1594475998
1610741228
1594499131
1594524836
1594550968
1594554985
1594565894
1594566098
1594567043
1594573478
1594576117
1594579817
1594583330
1594613285
1594628098
1594632525
1594674753
1594690878
1594697655
1594711712
1594719567
1594739666
1594747397
1594756619
1594771228
1594781602
1594791502
1594795917
1594800355
1594801936
1594801944
1607282637
1594812370
1599821185
1594824045
1594826125
1594853706
1594906985
1594909070
1594951330
1594955117
1594957992
1594966964
1595026331
1595053036
1595060086
1595065124
1595117278
1595128551
1595138263
1595140278
1595153860
1599244029
1595173077
1595181129
1595185310
1595187122
1595202988
1595207848
1595234352
1595248006
1595248207
1595278659
1595282584
1595287376
1595300488
1595309699
1595309443
1595310203
1595331093
1595337434
1595345502
1595345688
1595341252
1595353432
1595351936
1595361271
1595388697
1595395251
1595415818
1595420880
1595422087
1595423489
1595425172
1595427900
1595441166
1595441428
1595447087
1595450705
1595453408
1595457102
1595470388
1595478935
1607354122
1595510018
1595517949
1595522776
1609471896
1595559547
1595568590
1595580435
1595585705
1595590690
1595594168
1595605530
1595628233
1595642055
1595662454
1595679605
1595686786
1595709212
1595723725
1595725929
1595739172
1595747823
1595783926
1595903508
1595928659
1595979936
1596004297
1596061914
1596077220
1596085124
1596106171
1596131484
1596155701
1596221195
1611068441
1596251193
1596260349
1596294560
1596301513
1596326030
1596340964
1596360403
1606015258
1596378130
1596397882
1608388258
1596412668
1596415954
1596426136
1596431930
1596434198
1596437137
1596446735
1596452877
1596460002
1596460524
1596476210
1596485525
1596530423
1596532621
1596540849
1596558284
1596580084
1596586265
1596606339
1596622744
1596628644
1596642209
1596645201
1604460239
1596666134
1596666829
1596668006
1596671654
1609437336
1596689466
1596705306
1596723346
1596742741
1596747326
1596751001
1596755689
1596760319
1609979912
1596806041
1596829768
1596840652
1596858771
1596870157
1596919040
1596930527
1596934239
1596934622
1596938265
1596945162
1596955738
1596972503
1596980159
1596982796
1596983871
1596988374
1596999108
1597004848
1597008123
1602167210
1597029551
1597029684
1597058552
1597064314
1597126706
1597143573
1597151777
1597183549
1597201356
1597209737
1597213279
1597214040
1597259201
1601173632
1597285437
1597293270
1597299101
1597307420
1597326377
1602199760
1597335865
1597344821
1597368418
1597369352
1597395673
1597397933
1597406855
1597407244
1597412908
1597425448
1597443941
1597446726
1597462930
1597472288
1597486539
1597497758
1597503095
1597525119
1597527548
1597556369
1597558994
1597570505
1597577629
1597612498
1597615849
1597622992
1597627510
1597628142
1597646356
1597652883
1597657298
1597676556
1601561615
1597688630
1597691116
1597697878
1597719593
1597723146
1597727378
1597727745
1601866268
1597730633
1597733741
1597765528
1597767281
1597774733
1597786411
1597786843
1597787759
1597793989
1597810704
1597814159
1597827201
1597841395
1597847927
1597852094
1597867915
1597886851
1610094861
1597917204
1597923340
1597923792
1597931036
1597934249
1597940117
1597949521
1597959468
1597966700
1597970290
1597971605
1597974996
1597989841
1597993290
1597997774
1598000155
1598003067
1598024024
1598037313
1598046379
1598066272
1598126011
1598174106
1598259055
1598264394
1598417278
1602785964
1602778327
1602777782
1602766470
1598457540
1598459484
1598474474
1598476073
1598524211
1598536292
1598539278
1598553817
1598573964
1606033081
1598627118
1598634205
1598688671
1598694102
1598696736
1598700195
1598706153
1598771195
1598809106
1598814436
1598832109
1598847069
1598855782
1598876849
1598894979
1598955668
1598963930
1598973627
1598979244
1598986149
1598989282
1598990813
1599009101
1599020639
1599021194
1599046941
1599063603
1599068906
1599075251
1599085442
1599086989
1599087071
1599102352
1599110901
1599121504
1599132385
1599153355
1599174168
1599198487
1599230140
1599231074
1599232361
1599239073
1599240877
1607841914
1599246535
1599262545
1599264440
1599278410
1599303801
1599334667
1599344412
1599392009
1599394233
1599403533
1599405847
1599421282
1599432075
1599433922
1599455691
1599461497
1599486996
1599487939
1599486528
1599523386
1603389830
1603387816
1599657585
1599669683
1599675946
1599699636
1599702548
1599723037
1599733622
1609673946
1599751603
1599786209
1599792194
1599818795
1599835759
1599836368
1599838746
1599838767
1599842051
1599840978
1599848744
1599862597
1599893546
1599918831
1599926609
1604315578
1599930527
1604353347
1599934656
1599952894
1599955021
1599963552
1599970655
1599973710
1600205502
1600227134
1600227208
1600246183
1607806770
1600311439
1600319782
1600326691
1600356257
1600399177
1600399335
1607458900
1600484817
1600492658
1600534810
1600556365
1600590063
1600626672
1600632281
1611038969
1600644863
1600680979
1600681178
1600685500
1600688352
1600689054
1600696102
1600712799
1609086053
1600724983
1600727933
1600752718
1600754730
1600783833
1600787178
1600798155
1600814931
1600833877
1600838432
1600854951
1600867170
1600871161
1600876264
1607665524
1600917554
1600935523
1600943449
1600943644
1600944220
1600950136
1600950883
1600957560
1600959343
1600964025
1609362170
1600969996
1600972964
1600972997
1600984471
1600985722
1600992887
1600997803
1601001773
1601024110
1601027634
1601031209
1601036519
1601062479
1601067804
1601067863
1601074002
1601085320
1601086892
1601088430
1611172909
1601102350
1601104958
1601105279
1608064871
1601125738
1601142686
1601145176
1601152856
1601171998
1601201474
1601204500
1601226202
1601227977
1601235409
1601255957
1601276013
1601297854
1601298277
1601304795
1601331128
1601332296
1601338712
1601339651
1606479162
1601345248
1601347452
1601351860
1601360630
1601366304
1601368362
1601428091
1601434495
1601457580
1601468800
1601474963
1601491614
1601511974
1601518772
1601523844
1601533874
1601537321
1605431310
1601588840
1601590710
1601607660
1601613731
1601661207
1601667522
1601671910
1601715368
1605280956
1609587808
1601756262
1601759976
1601760925
1601772983
1601784671
1601792218
1601793422
1601805004
1601810813
1601822879
1601835863
1601847716
1601848179
1601850002
1601858087
1601880387
1601883381
1601888828
1601895759
1606348508
1601907264
1601915736
1601916592
1601936906
1601950574
1601964722
1601966641
1601988291
1601996761
1602007683
1605936785
1602024971
1602034011
1602047558
1602049815
1607963951
1602081710
1602106713
1602117260
1602126031
1602130640
1602138097
1602142274
1607564690
1602167926
1602193180
1609874442
1602200061
1602215899
1602217738
1602226832
1607100254
1602244202
1602261507
1602266941
1602270827
1602274064
1602282805
1602307562
1602319980
1602321994
1610157649
1602360328
1602365161
1602367807
1602392769
1602418757
1602451794
1602464712
1602467859
1602495758
1610628469
1602536092
1602565007
1602586618
1602634771
1602639587
1602662494
1610680836
1608750529
1608766140
1602748809
1602760247
1602779000
1602802060
1602815814
1602819088
1602834925
1608885615
1602858741
1602907463
1602949128
1602950117
1602963163
1602973911
1602976765
1602977486
1611170799
1607576857
1603013647
1603026407
1603032738
1603039498
1603056327
1603063137
1603063674
1603066374
1603076947
1603106195
1603108036
1603111917
1603112252
1603127759
1603128167
1603134893
1603147520
1603185848
1603185951
1603202127
1603213678
1603217136
1603255844
1610599237
1603260821
1603261039
1603292310
1603295570
1603311573
1603313639
1603323708
1603348627
1603356398
1603357446
1603363254
1603367899
1603373726
1603419505
1603449670
1603460281
1610243201
1603496029
1603510938
1603532453
1603538001
1603540676
1603545744
1603549334
1603564515
1603565942
1603566537
1603571576
1603580099
1603585422
1603607309
1603633923
1603637692
1603648478
1603652979
1603656163
1603661923
1603679556
1603686627
1603687236
1603688462
1603696246
1603701474
1603702922
1603706549
1603709102
1603732680
1603737573
1603752267
1603755711
1603756115
1603768351
1603771603
1603782322
1610460558
1609815139
1603813394
1603877519
1603885269
1603889741
1603906150
1603911482
1604311898
1604351947
1604365109
1604367170
1604367870
1604369398
1610865954
1604410586
1604413021
1604416061
1604420455
1604421390
1604423824
1604432486
1604432582
1604440783
1604463640
1604497970
1604504401
1604505872
1604508199
1604522363
1604534843
1604541524
1604544469
1604550545
1604552234
1604557937
1609525183
1604602428
1604608075
1604679761
1604689699
1604722646
1604737164
1610606464
1604812749
1604821510
1604826983
1604828420
1604833736
1604883432
1604938696
1604976878
1604982830
1604996340
1604996948
1604999721
1605000341
1605001496
1605005242
1605008917
1605014864
1605076798
1605108012
1605112501
1605121319
1605132101
1605138729
1605138850
1605152408
1605154686
1605169954
1605173502
1605183618
1605193380
1605214152
1605227904
1605230512
1605232470
1605255878
1605257911
1605265661
1605282866
1605283046
1605298008
1605299842
1605306531
1605313471
1605317672
1605334940
1605336937
1605349569
1605358006
1605368203
1605380901
1605400766
1605417968
1605419976
1605431157
1605468387
1605472049
1605489814
1605495740
1605544780
1605551509
1605568903
1605582851
1605587409
1605589146
1605589528
1605593186
1605620268
1605635406
1605642451
1605647316
1605672871
1605673714
1605676392
1605678279
1605705434
1605735585
1605748050
1605755778
1605757063
1605770301
1605793626
1605801304
1605802973
1605809769
1605822477
1605830350
1605840513
1605854282
1605863017
1605875556
1605881900
1605890794
1605895237
1605899903
1605912761
1605920747
1605929325
1605957128
1605966322
1605970875
1606014779
1606015036
1606050069
1606052446
1606056270
1606063685
1606085178
1606087580
1606140380
1606158570
1606166631
1606176945
1606186547
1606213754
1606226786
1606231161
1606241512
1606243756
1606268374
1611103672
1606300647
1606307289
1611072305
1606325504
1606329728
1606341233
1606345521
1606362405
1606369200
1606375653
1606380975
1606400299
1606403475
1606405028
1606406585
1606406939
1606407767
1606426276
1606433209
1606444063
1606444414
1606456474
1606476866
1606514644
1606531195
1606534567
1606576006
1606579835
1606583088
1606591358
1606597974
1606608787
1606621526
1606627439
1606627881
1606628256
1606633800
1606639012
1606640175
1606640282
1606667936
1606669128
1606727106
1606759376
1606822543
1606834384
1606863082
1606915416
1606969721
1606981990
1607015017
1607045564
1607059730
1607081090
1607095935
1607121514
1607134690
1607139372
1607155605
1607158508
1607168857
1607171740
1607183589
1607189817
1607190512
1607219405
1607234300
1607240054
1607240284
1607281539
1607286076
1607287517
1607296478
1607302605
1607344016
1607352261
1607370536
1607371584
1607396636
1607409403
1607431076
1607434013
1607438773
1607508765
1607509050
1607521963
1607543707
1607544076
1607615634
1607629217
1607648783
1607652014
1607652107
1607692423
1607694526
1607708044
1607713017
1607736571
1607748610
1607761232
1607769107
1607781979
1607785559
1607804597
1607806207
1607807065
1607846483
1607853697
1607857677
1607863417
1607868803
1607871707
1607884141
1607908480
1607912641
1607964441
1607978139
1607985276
1607985865
1608003149
1608015206
1608024899
1608038542
1608041587
1608051973
1608053664
1608055166
1608056970
1608065820
1608066767
1608069666
1608072178
1608074637
1608085015
1608087912
1608092817
1608104018
1608113373
1608116221
1608138531
1608163032
1608172678
1608186860
1608209030
1608216518
1608228362
1608230474
1608239981
1608255706
1608279047
1608290656
1608297730
1608295466
1608331537
1608333355
1608333753
1608338579
1608340511
1608382712
1608385313
1608403031
1608405159
1608406236
1608440848
1608458240
1608458624
1608465345
1608488948
1608493999
1608506018
1608524577
1608524728
1608532213
1608533167
1608593445
1608604416
1608608787
1608676939
1608706772
1608725457
1608728963
1608754962
1608761201
1608761414
1608807709
1608832944
1608839148
1608849926
1608851657
1608852359
1608883293
1608900093
1608914307
1608929938
1608953329
1608990443
1608997423
1609001837
1609009630
1609012054
1609048776
1609072161
1609082259
1609083052
1609085730
1609101280
1609144513
1609148983
1609155137
1609156027
1609156521
1609195590
1609197178
1609199698
1609209357
1609223616
1609234932
1609273783
1609274905
1609275147
1609281618
1609285069
1609310395
1609312448
1609312737
1609332617
1609336758
1609354487
1609363821
1609365188
1609367725
1609393622
1609405342
1609406660
1609419061
1609447608
1609460691
1609461826
1609465583
1609467351
1609475895
1609507360
1609508491
1609513420
1609587585
1609587701
1609604461
1609622979
1609634960
1609641598
1609651630
1609673115
1609684502
1609693543
1609693587
1609694883
1609699941
1609705218
1609721600
1609733962
1609769921
1609777910
1609787132
1609789003
1609789776
1609798211
1609799004
1609799579
1609800385
1609808004
1609811455
1609811783
1609811914
1609813525
1609841914
1609842843
1609861513
1609862925
1609865241
1609867502
1609871390
1609875126
1609898135
1609925176
1609927154
1609933429
1609963433
1609970309
1610014184
1610023918
1610026758
1610040721
1610050561
1610064347
1610079870
1610092144
1610096698
1610122944
1610129868
1610131919
1610138483
1610146673
1610139136
1610152163
1610153537
1610179776
1610184031
1610196830
1610213314
1610237381
1610243522
1610254163
1610262157
1610275090
1610298235
1610312040
1610327092
1610330502
1610353043
1610370915
1610373083
1610377116
1610393791
1610393962
1610418419
1610432373
1610442066
1610455654
1610456246
1610460249
1610478873
1610501344
1610503781
1610553261
1610555162
1610565270
1610627665
1610632657
1610641366
1610683538
1610697042
1610761063
1610761318
1610765497
1610795124
1610796815
1610821484
1610830416
1610834049
1610854945
1610919822
1610923172
1610982505
1610992350
1611009179
1611022565
1611026035
1611043415
1611053933
1611077894
1611095781
1611100038
1611110057
1611119122
1611120414
1611134783
1611144661
1611153622
